4. Homorpamma AnA onpegeneHus ANMHbI BONHbI
A. no 3Ha4eHnbo YacToTHI f

MHZ em = MHz cm = MHz m = MHz m KHz m
Mfu cM MTy cM Mf MM MIy M rary M
10000 3 1000 30 100 3 10 30 1000 300

900-4 35 90 a5 WA 35 PA 35 VA oop
8000 800 80 8 800

4 40 4 40 400
7000-4 4g 7004 ys 70445 7A 45 7004 yoo

6000 5 600 50 60 5 6 50 600 500
55 55 55 55 550
$000 6 500 60 50 6 ยง 60 500 600

7 70 7 70 700

4 400 4
ee 8 80 0 8 % 80 oo 800
9 90 9 90 900

3000 10 300 190 30 10 3 100 300 1000

2500 12 250 120 20 12 2 120 250 1200

2000 15 200 150 20 15 2 150 200 1500

1500 20 150 200 10 20 ] 200 150 2000

1200 25 120 250 10 25 ] 250 120 2500

1000 30 100 300 10 30 ] 300 100 3000
