-16-15-14-13-12-11-10

-15

@®-1

WOYHAUVAWNHRS

2

WOYHAVAWNHOR

-3

2
1
@
1
2
3
4
5
6
7
8
9

4-5

WOYVAUVAWNROENYW

-6 -5 -4 -3

-9-10-11-12-;
-8 -9-10-11-;

7
-6
5
-4
-3
-2
-1
@
1
2
3
4
5
6
7
8
9
10
11
12
13
14
15
16
17
18
19
20

-8
7
-6
5
-4
3
-2
-1
@
1
2
3
4
5
6
7
8
9
10
11
12
13
14
15
16
17
18
19
20

PRPRPBER Lititrirrepees
VOURUNE SOCHYAUAWNEORNWAUTANOOSHNUN

-1 0123 45 67 8
14-15-16-17-18-19-20-21-22-23-2.
13-14-15-16-17-18-19-20-21-22-:

9 10 11 12 13 14 15
4-25-26-27-28-29-30
23-24-25-26-27-28-29

12-13-14-15-16-17-18-19-20-21-22-23-24-25-26-27-28
11-12-13-14-15-16-17-18-19-20-21-22-23-24-25-26-27
10-11-12-13-14-15-16-17-18-19-20-21-22-23-24-25-26
~-9-10-11-12-13-14-15-16-17-18-19-20-21-22-23-24-25
-9-10-11-12-13-14-15-16-17-18-19-20-21-22-23-24

-8
7
-6
5
-4
-3
-2
-1
@
1
2
3
4
5
6
7
8
9
10
11
12
13
14
15
16

-8
7
-6
5
-4
-3
-2
-1
@
1
2
3
4
5
6
7
8
9
10
11
12
13
14
15

~9-’

-8
7
-6
5
-4
3
-2
-1
@
1
2
3
4
5
6
7
8
9
10
11
12
13
14

10-11-12-13-14-15-16-17-18-19-20-21-22-23
~-9-10-11-12-13-14-15-16-17-18-19-20-21-22
~-9-10-11-12-13-14-15-16-17-18-19-20-21
-8 -9-10-11-12-13-14-15-16-17-18-19-20
-8 -9-10-11-12-13-14-15-16-17-18-19
-7 -8 -9-10-11-12-13-14-15-16-17-18
-6 -7 -8 -9-1@-11-12-13-14-15-16-17
-5 -6 -7 -8 -9-10-11-12-13-14-15-16
-4 -5 -6 -7 -8 -9-10-11-12-13-14-15
-3 -4 -5 -6 -7 -8 -9-10-11-12-13-14
-2 -3 -4 -5 -6 -7 -8 -9-10-11-12-13
-1 -2 -3 -4 -5 -6 -7 -8 -9-10-11-12
@ -1 -2 -3 -4 -5 -6 -7 -8 -9-10-11
1 @-1 -2 -3 -4 -5 -6 -7 -8 -9-10
2
3
4
5
6
7
8
9

12 11 10

WOYHAUVAWNHRS
