Digitaler Hochfrequenz - Analyser HF58B

Umrechnungstabelle

Conversion Table

pW/me_mV/m |W/me Vim | yiWim2_mv/m
0,01 4,94] 1,0 19,41 100 194
- - | 4,2 21,3) 120 213
- - | 4,4 23,0] 140 230
- - | 4,6 24,6] 160 246
- - | 48 260] 180 261
0,02 2,75] 2,0 27,5} 200 275
- - | 25 30,7] 250 307
0,03 3,36] 3,0 33,6] 300 336
- - | 35 363] 350 363
0,04 3,88] 4,0 38,8] 400 388
0,05 4,34] 5,0 43,4] 500 434
0,06 4,76| 6,0 47,6] 600 476
0,07 5,14] 7,0 51,4] 700 514
0,08 5,49] 8,0 54,9] 800 549
0,09 5,82] 9,0 58,2] 900 583
0,10 6,14] 10,0 61,4]1000 614
0,12 6,73|12,0 67,3}1200 673
0,14 7,36|14,0 72,6/1400 727
0,46 7,77|16,0 77,7}1600 777
0,18 8,24] 18,0 82,4/1800 824
0,20 8,68|20,0 868]2000 868
0,25 9,71|25,0 97,1]2500 971
0,30 10,6]30,0 106]3000 1063
0,35 11,5/35,0 115]3500 1149
0,40 12,3]40,0 123]4000 1228
0,50 13,7|50,0 137/500 1373
0,60 15,0/60,0 150]6000 1504
0,70 162|70,0 162]7000 1624
0,80 17,4|80,0 174]8000 1737
0,90 18,4|90,0 184]9000 1842

© Gigahertz Solutions GmbH, D-90579 Langenzenn
