Strecke (km) anzahl
100
50

20
10

1
ci
a
1
ci
a
1 5
1 4
“a
1 2
8
1 0s
1 025

Strecke (km) anzahl
100
50

1
1
ci
1
1
ci
1
1
ci
1
a
ci
1

0.25

dist
oon

0.02

025
01033333333,
0.05

oO

02

0.25
0333333333,
os

1

2

4

dist
oon

0.02

025
0.033333333,
0.05

oO

02

0.25
0333333333,
os

1

2

4

kenvh

env

SSssseses sess

S88seseseeseee2e8e88

m/min
0.833333333,
0.883333333,
0.833333333,
0.833333333,
0.833333333,
0.833333333,
0.833333333,
0.833333333,
0.833333333,
0.833333333,
0.833333333,
0.833333333,
0.833333333,

krm/min
1,333833333
1,333333333
1,333833333
1,333833333
1,333333333
1,333833333
1,333833333
1,333333333
1,333833333
1,333833333
1,333833333
1,333833333
1,333833333

kmisek
0.013888889
0.013888889
0.013888889
0.013888869
0.013888889
0.013888889
0.013888869
0013888869
0.013888889
0.013888869
0013888869
0.013888889
0.013888869

kmisek
0.020202022
.02222222
0.022222022
0.020202022
.02222222
0.022222022
0.020202022
.02222222
0.022222022
0.022202022
0.022222022
0.022222022
0.022202022

sek

sek

072
144
18
24
36
72
a
18
24
36
2
144
288

180

oi
024
0.03
0.04
0.06
2
0.24
03
o4
06
12
24
48

0.0075
01s
0.01875
025
0.0375
oo7s
os
0.1875
0.25
0375
075
15

3

Strecke (km) anzahl
100
50
40
30
20
10

1
1
1
1
1
1
1
1
1
1
1
10s
1 025
Strecke (km) anzahl
1 100
1 50
1 40
1 30
120
1 10
1

1

1

1

1

1

1

dist
oon

0.02

025
0.033333333,
0.05

on

02

0.25
0333333333,
os

a

2

4

dist
oon

0.02

025
0.033333333,
0.05

on

02

0.25
0333333333,
os

1

2

n

kenvh

enh

30
30
30
30
30
30
30
30
30
30
30
30
30

25
28
25
25
28
25
25
28
25
28
28
25
28

kimimin
os
0s
0s
0s
os
0s
os
os
0s
os
os
0s
os

konimin
01416666667
01416666667
01416666667
01416666667
01416666667
01416666667
01416666667
01416666667
01416666667
0416666667
01416666667
01416666667
0416666667

kmisek
01008333333,
01008333333,
0.008333333,
0.008333333,
01008333333,
0.008333333,
0.008333333,
0.008333333,
0.008333333,
0.008333333,
0.008333333,
0.008333333,
01008333333,

kmisek
c.ovssaaaaa
c.ovssaaaaa
c.ovssaaaaa
c.ovssaaaaa
c.ovssaaaaa
c.ovssaaaaa
c.ooseasaaa
c.ovssa4aaa
c.ovssaaaaa
c.ovssa4ata
c.ovssa4aaa
cooseusasa
c.ovssa4ata

sek

sek

12
24

240

144
288
36
48
72
4
238
36
48
2
144
288
576

02
0.04

0.05
0.066666667
oO

02

o4

os
0.666666667
1

2
a
8

0.024
0.048
0.06
08
oa2
024
48
06
08
12
24
48
96
