34534 74078 49774 28162 95091 74305 51814 43321 92923 05437
37765 76588 51395 18093 80550 59005 37922 03501 96507 19151
71249 83986 31363 54842 03475 06022 49936 44305 31919 62838
55724 43830 00130 83462 84775 00823 42479 56844 56375 54488
44021 51838 16947 45921 69525 29310 63334 72887 87915 17934
25149 46123 52011 02660 66528 43837 40181 48031 66597 55690
65652 91631 16309 03423 01467 10484 75054 81790 47461 20035
56112 35601 25649 42126 11789 70514 97003 47892 75222 79056
95531 93178 36867 39674 99110 13782 40801 62045 34767 05162

BSTU gve/350/018552 13 same
0108
